   1243 31
   1015 169
    841 41
    775 3
    698 11
    563 2
    527 33
    258 179
    236 0
    143 200
    137 8
    134 255
    129 10
    114 1
    109 268
     99 28
     98 40
     72 317
     72 209
     71 89
     70 231
     67 75
     66 29
     64 46
     62 7
     62 42
     60 243
     58 25
     52 14
     50 34
     49 59
     44 102
     43 212
     42 51
     41 32
     41 139
     39 98
     39 24
     38 270
     37 182
     36 12
     34 6
     30 60
     30 52
     29 44
     28 45
     28 133
     27 82
     26 49
     26 38
     25 53
     25 48
     25 229
     24 43
     23 18
     23 106
     22 50
     22 30
     22 108
     21 4
     21 37
     21 35
     20 227
     20 17
     19 5
     19 47
     19 237
     19 143
     18 277
     18 262
     17 21
     17 185
     16 603
     16 36
     15 26
     14 9
     14 70
     14 240
     13 20
     12 917
     12 22
     11 76
     11 309
     11 260
     11 242
     11 157
     10 93
     10 73
     10 57
     10 27
     10 245
     10 23
     10 19
     10 107
      9 96
      9 515
      9 311
      9 247
      9 178
      9 16
      9 159
      9 15
      9 134
      9 13
      9 118
      9 110
      8 97
      8 95
      8 78
      8 71
      8 69
      8 65
      8 63
      8 62
      8 56
      8 39
      8 376
      8 315
      8 299
      8 263
      8 228
      8 226
      8 196
      8 167
      8 160
      8 136
      8 120
      8 119
      8 117
      8 109
      7 68
      7 66
      7 61
      7 55
      7 312
      7 302
      7 295
      7 282
      7 234
      7 221
      7 211
      7 203
      7 199
      7 195
      7 180
      7 172
      7 148
      7 146
      7 145
      7 144
      7 132
      7 130
      7 128
      7 126
      7 123
      7 122
      7 116
      7 115
      7 105
      6 94
      6 88
      6 87
      6 86
      6 85
      6 84
      6 83
      6 79
      6 74
      6 67
      6 64
      6 58
      6 54
      6 435
      6 346
      6 300
      6 291
      6 281
      6 278
      6 276
      6 261
      6 249
      6 230
      6 225
      6 224
      6 223
      6 208
      6 207
      6 205
      6 204
      6 191
      6 188
      6 175
      6 168
      6 163
      6 162
      6 152
      6 151
      6 150
      6 142
      6 141
      6 138
      6 124
      6 114
      6 100
      5 99
      5 92
      5 91
      5 90
      5 77
      5 72
      5 513
      5 380
      5 373
      5 352
      5 349
      5 342
      5 325
      5 310
      5 307
      5 296
      5 289
      5 274
      5 266
      5 257
      5 256
      5 246
      5 241
      5 222
      5 219
      5 218
      5 216
      5 214
      5 206
      5 202
      5 198
      5 190
      5 189
      5 184
      5 183
      5 181
      5 164
      5 156
      5 155
      5 154
      5 140
      5 129
      5 125
      5 121
      5 113
      5 112
      5 111
      5 104
      5 103
      5 101
      4 81
      4 809
      4 80
      4 409
      4 406
      4 402
      4 388
      4 381
      4 368
      4 364
      4 339
      4 334
      4 320
      4 314
      4 313
      4 305
      4 297
      4 288
      4 287
      4 285
      4 283
      4 280
      4 275
      4 271
      4 269
      4 264
      4 259
      4 258
      4 254
      4 252
      4 248
      4 244
      4 239
      4 238
      4 236
      4 235
      4 233
      4 232
      4 217
      4 193
      4 192
      4 186
      4 177
      4 176
      4 173
      4 170
      4 165
      4 161
      4 158
      4 153
      4 149
      4 147
      4 137
      4 135
      4 131
      4 127
      4 1002
      3 908
      3 898
      3 890
      3 438
      3 434
      3 426
      3 416
      3 411
      3 394
      3 379
      3 378
      3 377
      3 372
      3 371
      3 370
      3 367
      3 366
      3 345
      3 344
      3 341
      3 336
      3 332
      3 328
      3 321
      3 319
      3 318
      3 316
      3 308
      3 304
      3 301
      3 298
      3 294
      3 293
      3 292
      3 286
      3 279
      3 273
      3 265
      3 253
      3 251
      3 250
      3 220
      3 215
      3 213
      3 210
      3 201
      3 194
      3 187
      3 174
      3 171
      3 166
      3 1015
      2 984
      2 980
      2 965
      2 963
      2 960
      2 959
      2 952
      2 951
      2 950
      2 946
      2 945
      2 944
      2 931
      2 925
      2 920
      2 916
      2 909
      2 906
      2 904
      2 901
      2 893
      2 892
      2 886
      2 857
      2 834
      2 578
      2 568
      2 553
      2 546
      2 521
      2 518
      2 496
      2 483
      2 473
      2 467
      2 454
      2 445
      2 443
      2 442
      2 424
      2 423
      2 422
      2 417
      2 415
      2 414
      2 413
      2 410
      2 400
      2 399
      2 397
      2 395
      2 393
      2 384
      2 383
      2 382
      2 375
      2 374
      2 369
      2 365
      2 362
      2 361
      2 360
      2 359
      2 358
      2 355
      2 354
      2 353
      2 343
      2 340
      2 338
      2 335
      2 330
      2 323
      2 322
      2 306
      2 303
      2 284
      2 272
      2 267
      2 197
      2 1381
      2 1360
      2 1317
      2 1064
      2 1058
      2 1055
      2 1042
      2 1017
      2 1008
      1 999
      1 998
      1 997
      1 996
      1 995
      1 994
      1 993
      1 992
      1 991
      1 990
      1 989
      1 988
      1 987
      1 986
      1 985
      1 983
      1 982
      1 981
      1 979
      1 978
      1 977
      1 976
      1 975
      1 973
      1 972
      1 971
      1 970
      1 969
      1 968
      1 967
      1 966
      1 964
      1 962
      1 961
      1 957
      1 956
      1 955
      1 953
      1 949
      1 948
      1 947
      1 942
      1 941
      1 940
      1 939
      1 938
      1 937
      1 936
      1 935
      1 934
      1 933
      1 932
      1 930
      1 929
      1 928
      1 927
      1 926
      1 924
      1 923
      1 922
      1 919
      1 918
      1 915
      1 914
      1 913
      1 912
      1 911
      1 910
      1 907
      1 905
      1 903
      1 902
      1 900
      1 899
      1 897
      1 896
      1 894
      1 889
      1 888
      1 887
      1 883
      1 832
      1 778
      1 733
      1 693
      1 692
      1 630
      1 613
      1 611
      1 590
      1 582
      1 580
      1 577
      1 576
      1 575
      1 573
      1 572
      1 571
      1 570
      1 567
      1 565
      1 564
      1 563
      1 562
      1 561
      1 560
      1 559
      1 558
      1 557
      1 555
      1 554
      1 552
      1 550
      1 549
      1 548
      1 547
      1 545
      1 544
      1 542
      1 541
      1 540
      1 538
      1 537
      1 534
      1 530
      1 529
      1 527
      1 520
      1 514
      1 509
      1 507
      1 504
      1 503
      1 501
      1 500
      1 499
      1 494
      1 488
      1 487
      1 486
      1 484
      1 481
      1 480
      1 474
      1 471
      1 470
      1 466
      1 464
      1 463
      1 461
      1 460
      1 459
      1 458
      1 451
      1 450
      1 449
      1 448
      1 447
      1 446
      1 444
      1 439
      1 437
      1 436
      1 433
      1 432
      1 429
      1 428
      1 425
      1 421
      1 418
      1 412
      1 408
      1 407
      1 405
      1 404
      1 403
      1 401
      1 398
      1 396
      1 392
      1 390
      1 389
      1 387
      1 386
      1 385
      1 363
      1 357
      1 356
      1 350
      1 348
      1 347
      1 337
      1 331
      1 329
      1 327
      1 326
      1 324
      1 290
      1 1424
      1 1416
      1 1338
      1 1067
      1 1066
      1 1065
      1 1059
      1 1057
      1 1053
      1 1052
      1 1051
      1 1050
      1 1049
      1 1048
      1 1047
      1 1046
      1 1045
      1 1044
      1 1043
      1 1041
      1 1040
      1 1039
      1 1037
      1 1034
      1 1033
      1 1032
      1 1031
      1 1030
      1 1029
      1 1028
      1 1027
      1 1026
      1 1025
      1 1024
      1 1023
      1 1022
      1 1021
      1 1020
      1 1019
      1 1018
      1 1016
      1 1014
      1 1013
      1 1012
      1 1011
      1 1010
      1 1009
      1 1007
      1 1006
      1 1005
      1 1004
      1 1003
      1 1001
      1 1000
